1,223332122222211111111111111111111111122222222222222222222222222222222222222222222222222222222222
1,233322122222111111111111111111111111122222222222222222222222222222222222222222222222222222222222
1,222333332222222221111111111111111111111111111111112222222222222222222222222222322333333333333332
1,333322232332221111111111111111111111222222222222222222222222222222222222222222222222222222222222
-1,223332212222222221111111111111111111111111111111111111222222222222222222222222222222222333333322
1,223332112222221111111111111111111111112222222222222222222222222222222222222222222222222222222222
1,333333222222222211111111111111111111111111111222222222222222222222222222222333333333333333333332
1,333322222222111111111111111111111111222222222222222222222222222222222222222222222222222222222222
1,333322222222221111111111111111111111122222222222222222222222222222222222222222222222222222222222
-1,222333333222222222222211111111111111111111111111122222222222222222222222222222222222222222222222
-1,233322222211111111111111111111222222222222222222222222222222222222222222222222222222222212212222
1,222221112111111111111111111112122222222222222222222222222222222222222222222222222222222223333222
-1,111111111111122212221222222222211222222223233333333333333333333333333333333333333333323333322332
-1,233333221111111111111111111111111111111111111111111111122222222222222222222222222222222222222222
-1,233333333332222111111111111111111111111111111111111111111111111111111111122222222222222222222222
1,333333222222222221111111111111111111111111111222222222222222222222222222333333322222222222222222
1,233321222222111111111111111111111111122222222222222222222222222222222222222222222222222222222222
1,333321222221111111111111111111111111122222222222222222222222222222222222223322222222222222222222
-1,332322111111111111111111111111222222222222222222222222222222222222222222222222222222222222222222
1,232322212111111111111111111111122222222222222222222222222222222222222222222222222222222223333212
-1,333211111111111111222222222222222222222222222222222222222222222222222222222222222222222222222222
1,223332222222211111111111111111111111222222222222222222222222222222222222222222222222222222222222
1,223332112221111111111111111111111111222222222222222222222222222222222222222222222222222222222222
1,223332122222221111111111111111111111122222222222222222222222222222222222222222222222222222222222
1,322321222221121111111111111122223223223223322222222222222222222222232222222222222212122123333212
1,222222121111111111111111111111222222222222222222222222222222222222222222222222222222222223333212
-1,233333332222221111111111111111111111111111111111222222222222222222222333333333333333332222222222
1,233332222222111111111111111111111111122222222222222222222222222222222222223333222222222222222222
-1,333332222111111111111111111111122222222222222222222222222222222222222222222222222222222222222222
1,233322122222111111111111111111111111112222222222222222222222222222222222222222222222222222222222
1,223332122222211111111111111111111111112222222222222222222222222222222222222222222222222222222222
1,223332112111211111111111111111111111222222222222222222222222222222222222222222222222222222222222
-1,222333333222222222221111111111111111111111111111111222222222222222222222222222222222222222222222
-1,223322222222122111111111111111122222222222222222222222222222222222222222222222222222222222222222
1,222222121121111111111111111111112222222222222222222222222222222222222222222222222222222222333322
1,233333322222222221111111111111111111111111111122222222222222222222222222222222222222222222222222
1,233321122211111111111111111111111111222222222222222222222222222222222222222222222222222222222222
1,333322222221111111111111111111111111222222222222222222222222222222222222222222222222222222222222
-1,333321111111111111122222222222222222222222222222222222222222222222222222222222222222222222222222
-1,333333322222222222111111111111111111111111111111122222222222222222222222222222222222222222222222
1,223332122222211111111111111111111111112222222222222222222222222222222222222222222222222222221222
1,222222221111111111111111111111111111222222333333333333333333332233333333333333333333333333333333
-1,333332221111111111111111111111122222222222222222222222222222222222222222222222222222222222222222
1,233322222222111111111111111111111111222222222222222222222222222222222222222222222222222222222222
1,223333211211112111111111111111111111122222222222222222222222222222222222222222222222222222222222
1,223332112222211111111111111111111111122222222222222222222222222222222222222222222222222222222222
1,233332122222211111111111111111111111212222222222222222222222222222222222222222222222222222222222
1,333332222222222111111111111111111111111111111122222222222222222222222222222223333333333333333322
1,233332222222222111111111111111111111122222222222222222222222222222222222222222222222222222222222
1,333332222111111111111111111111222333333333333333332322222222222222222222222222222222222222333332
1,233332122222221211111111111111111111111222222222222222222222222222222222222222222221222222222222
-1,333322211111111111122222222222222222222222222222222222222222222222222222222222222222222222223332
-1,222333333222222222221111111111111111111111111111112222222222222222222222222222222222222222221111
-1,223333333222222212221111111111111111111111111111112222222222222222222222222222222222222222222222
-1,211111111111111111111111111122222222222222222222222222222222222222222222222222222222222223332211
-1,223333322222221111111111111111111111122222222222222222222222222222222222222222222222222222222222
1,223332222222211111111111111111111111112222222222222222222222222222222222222222222222222222222222
-1,222333332222222222221111111111111111111111111111111112222222222222222222222222222222222222222222
-1,111111111111111111111111111111111222222222222222222222222222222333332222222222222222222233332221
-1,222333333322222222222211111111111111111111111111111222222222222222222222222222222222222222222222
-1,222221111111111111222222222222222222222222222222222222222222222222222222222222222222222222223322
1,223332112111111111111111111111111111122222222222222222222222222222222222222222222222222222222222
1,223332112212211111111111111111111111122233333333333333333333333333332332333332222222222222222223
-1,333333222322222111111111111111111111111111111112222222222222222222222222222222222222222233333322
-1,222233333332222222222221111111111111111111111111111111111112222222222222222222222222222222222222
-1,222333333221122211111111111111111111111111111111111111122222222222222222222222222222222222222222
1,233332112121211111111111111111111111222222222222222222222222222222222222222222222222222222222222
1,233332122222211111111111111111111111122222222222222222222222222222222222223332222222222222222222
1,233332122222212111111111111111111111122222222222222222222222222222222222222222221221111111111111
1,233332122222211111111111111111111111122222222222222222222222222222222222222222222222222222222222
1,223332222222222212111111111111111111112222222222222222222222222222222222222222222222222222222222
1,233332122222221211111111111111111111222222222222222222222222222222222222222222222222222222222222
1,333322222221111111111111111111111112222222222222222222222222222222222222222222222222222222222222
1,333332333322221111111111111111111111122222222222222222222222222222222222222222222222222222222222
1,223332122222111111111111111111111111112222222232222222222222222222222222222222222222222222222222
-1,223333322222222111111111111111111111111222222222222222222222222222222222222222222222222222222222
1,233322222222111111111111111111111111222222222222222222222222222222222222222222222222222222222222
1,233333322222222211111111111111111111111111122222222222222222222222223333333333333233322222222222
1,233332112222221111111111111111111111112222222222222222222222222222222222222222222222222222222222
1,233332112222221111111111111111111111111222222222222222222222222222222222222222222222222121211112
1,223333222222221111111111111111111111111222222222222222222222222222222222222222222222222222222222
-1,223333322222222211111111111111111111111111122222222222222222222222222222222222222222222222222222
1,222221111111111111111111111112222222222222222222222222222222222222222222222222222222222222333322
1,223333212222221111111111111111111111112222222222222222222222222222222222222222222222222222222222
-1,233333333322222212222222111111111111111111111111111111112222222222222222222222222222222222222222
-1,223333222222222211111111111111111111111122222222222222222222222222322222222222222222222222222222
-1,333333322221111111111111111111111111111222222222222222222222222222222222222222222222222222222222
-1,222333333322222112211111111111111111111111111111112222222222222222222222222232233333323333333332
1,233332222222221111111111111111111111111122222222222222222222222222222222222222222222222222222222
1,233332122222111111111111111111111111122222222222222222222222222222222222222222222222222222222222
1,333322323222222111111111111111111222222222222222222222222222222222222222222222222222222222222222
-1,232221111111111111222222222222222222222222222222222222222222222222222222222222222222222222233322
1,233333333222222222211111111111111111111111111111111111222222222222222222222222222222222222222222
1,223332112222221111111111111111111111112222222222222222222222222222222222222222222121221111111121
1,333333222122212211111111111111111111111111111111111122222222222222222222222222222222222233322111
1,233332222222222211111111111111111111122222222222222222222222222222222222222222222222222222222222
1,233322222222111111111111111111111111112222222222222222222222222222222222222222222212111111111112
-1,333333333332222222222222111111111111111111111111111111122222222222222222222222222222222222222222
-1,333332221111111111111111111111222223333333222222222222222222222222222222222222222222222222222222
1,333322222222221111111111111111111111111111111222222222222222222222222222222222222222222222222222
