-1,222333332221222122211111111111111111111111111111122222222222222222222222222222222222222222222222
1,232222211111111111111111111211212223233333333332332323322222222223223222222122112111111223333212
-1,222333333222222222211111111111111111111111111112222222222222222222222222222222222222222222222222
-1,333333222322222222222222211111111111111111111111122222222222222222222222222222222222222233333322
1,223332222222211111111111111111111111112222222222222222222222222222222222222222222222222222222222
1,233332112222211111111111111111111111112222223232222322223233222222222222233332222222222222222222
-1,233333322222222222111111112111111111111111111111112222222222222222222222222222222222222222222222
-1,223333322222222221111111111111111111111111222222222222222222222222222222222222222222222222222222
1,223332112222211111111111111111111111122222222222222222222222222222222222222222222222222222222222
1,333322333322211111111111111111111111222222222222222222222222222222222222222222222222222222222222
1,233333322222222222221221111111111111111111122222223223333222222222222222233333332222222222222222
1,222333332222222221111111111111111111111111122222222222222222222222222222222222222222222222222222
1,122211111111111111111111111111222222222222222222222222222222222222222222222222222222222222233322
1,233332122222211111111111111111111111122222222222222222222222222222222222222222221211112111121112
-1,222333333332222222222222221121111111111111111111111111112222222222222222222222222222222222222222
1,333322322222222111111111111111111111222222222222222222222222222222222222222222222222222222222222
1,233332122222211111111111111111111111222222222222222222222222222222222222222222222222222222222222
1,233332122222211111111111111111111111112222222222222222222222222222222222222222222222122111211112
-1,333333322111111111111111111111111111111122222222222222222222222222222222222222222222222223333332
-1,223333332222221111221111111111111111111111111111112222222222222222222222222222222222222222222222
1,111111211111111111111111111111111122222222222222222222222222233333333222222222222222222333333211
1,233332222221111111111111111111111111122222222222222222222222222222222222222233222222222222222222
1,223332112222222221111111111111111111111222222222222222222222222222222222222222222222222222222222
-1,333323332111111111111111111122233333333333332222222222222222222222222222222222222222222222222222
1,223332222222111111111111111111111111122222222222222222222222222222222222222222222222222222222222
1,222222211111111111111111111111222222222222222222222222222222222222222222222222222222222222233322
1,333332233332222111111111111111111111222222222222222222222222222222222222222222222222222222222222
-1,222222222211111111111111111111111111111111111111111111222222222222222222222222222222222223333332
1,333332232222222222221121111111111111123333333333333333333333333333333333233333332333333333333232
1,233332122222211111111111111111111111122222222222222222222222222222222222222222222222222222222222
1,223332122222111111111111111111111111122222222222222222222222222222222222222222222222222222222222
1,233332122222111111111111111111111111122222222222222222222222222222222222222222222222222122222222
1,233322222222211111111111111111111111222222222222222222222222222222222222222222222222222222222222
1,223332212222211111111111111111111111122222222222222222222222222222222222222222222222222222222222
1,223332212222221111111111111111111111111222222222222222222222222222222222222222222212112121221111
-1,333332111111111111111111111112222222222222222222222222222222222222222222222222222222222222222223
1,233332111111111111111111111111122222222322222232222222222222222222232222222222222222222223333212
1,233322222222211111111111111111111111112222222222222222222222222222222222222222222222222222222222
1,333322222222222211111111111111111111111111111111222222222222222222222222222223333333333333333322
1,223332122222211111111111111111111111122222222222222222222222222222222222222222222222222222222222
1,223333332222222222111111111111111111111111111122222222222222222222222222222222222222222222222222
1,233333332222222222211111111111111111111111111111112222233333333333333333333333333333333333322111
1,233332122222111111111111111111111111122222222222222222222222222222222222222222222222222222222222
-1,223333333222222222221111111111111111111111111111111112222222222222222222222222222222222222222222
-1,233322221111111111111111111111122222222222222222222222222322222222222222222222222222222222222222
1,223333222222221111111111111111111111112222222222222222222222222222222222222222222222222222222222
-1,333322333222211111111111111111111222222222222222222222222222222222222222222222222222222222222222
-1,333333222222222222111111111111111111111111111111111122222222222222222222222222222222222223333332
1,233322222222222222211111111111111111122222222222222222222222222222222222222222222222222222222222
-1,233332222221111111111111111111222222222222222222222222222222222222222222222222222222222222222222
1,333322333322222221111111111111111111122222222222222222222222222222222222222222222222222222222222
1,333333222222222222111111111111111111111122222222222222222222222222222222222222222222222222222222
1,333322333222211111111111111111111111222222222222222222222222222222222222222222222222222222222222
-1,211222222222222222222221111111111111111122222333333333333333333333333333333333333333333333333333
1,223332222222211111111111111111111111122222222222222222222222222222222222222222222222222222222222
1,223332222222211111111111111111111111112222222222222222222222222222222222222222222222222222222222
-1,333332221111111111111111111111222233333322222222222223233323322222222222222222222222222222222233
-1,222233333322222112112211111111111111111111111111111112222222222222222222222222222222222222222222
1,233322222322111111111111111111111111112222222222222222222222222222222222222222222222222222222222
1,233332122222211111111111111111111111122222222222222222222222222222222222222222222222222222222222
1,223333212222221111111111111111111111112222222222222222222222222222222222222222222221121111111111
-1,233332222221111111111111111112222222222222222222222222222222222222222222222222222222222222222222
1,223333322222222222222111111111111111111111111111111222222222222222222222222222222222222222222222
1,223332112222211111111111111111111111122222222222222222222222222222222222222222222222222222222222
1,223332122222211111111111111111111111111222222222222222222222222222222222222222222222222222222222
-1,222212211111111111111111111122222222222222222222222222222222222222222222222222222222222223333322
1,233332112222211111111111111111111111122222222232222222222222222222222222233322222222222222222222
1,233322232322111111111111111111111122222222222222222222222222222222222222222222222222222222222222
1,233322222222221111111111111111111111112222222222222222222222222222222222222222222222222222222222
1,233332222222222111111111111111111111112222222222222222222222222222222222222222222222222222222222
1,223333322222222111111111111111111111111111111222222222222222222222322333333333333322222222222222
1,233332122232211111111111111111111111122222223222222222222222222222222222222222222222222222222222
-1,233333332222221221111111111111111111111111111111111222222222222222222222233333333333323333222111
1,233332122222211111111111111111111111112222222222222222222222222222222222222222222222222222222222
1,233321222222211111111111111111111111122222232222222222222222222222222222222222222222222222222222
1,223332112222211111111111111111111111222222222222222222222222222222222222222222222222222222222222
1,233332122222222211111111111111111111122222222222222222222222222222222222222222222221222222222222
1,223332122222211111111111111111111111122222222222222222222222222222222222222222222222222222222222
1,223332222222221111111111111111111111111122222222222222222222222222222222222222222111111111111111
1,233333322222222221111111111111111111111111112222222222222222222222222233333333333333333333332332
1,333322323221111111111111111111111112222222222222222222222222222222222222222332222222222222222222
1,222222211111111111111111111112222222222222222222222222222222222222222222222222212222212222333212
1,233332222222221121111111111111111111122222222222222222222222222222222222222222222222222222222222
-1,333333222111111111111111111111111111111111222222233333333333333322222222222222222222222222222222
-1,232333333222222222222111111111111111111111111111112222222222222222222222222222222222222222222222
-1,333333322112112211111111111111111111111111111111122222222222222222222222222222222222222222222222
-1,233333211111111111111111111222222222222222222222222222222222222222222222222222222222222222233322
1,223332122222221111111111111111111111222222222222222222222222222222222222222222222222222222222222
-1,223332222222222211111111111111111222222222222222222222222222222222222222222222222222222222222222
1,333322323222211111111111111111112222222222222222222222222222222222222222222222222222222222233222
-1,333333333322222222222222211111111111111111111111111112222222222223333333333333333333333333333333
1,233321122222211111111111111111111111112222222222222222222222222222222222223322222222222222222222
1,223333222222221211111111111111111111111222222222222222222222222222222222222222222222222222222222
-1,322112222222222222221111111111111111111111222222333333333333333333333333333333333333333333333333
1,333333211222222222111111111111111111111111222222222222222222222222222222333333322222222222222222
1,222333322222222222111111111111111111111111111111112222222222222222222222222222222222222222222211
-1,333332211111111111111111111112222222222222222222222222222222222222222222222222222222222222222222
-1,223333322222122111111111111111111111111122222222222222222222222222222222333333333222222222222222
1,223332112222211111111111111111111111112222222222222222222222222222222222222222222222222222222222
1,223332111111111111111111111111111111112222222222222222222222222222222222222222222222222212211222
